1.204963409765070007e-02,3.749963839218560224e+01
1.250445518740720026e-02,3.725483320780919883e+01
1.297320516375380026e-02,3.642832881242360088e+01
1.345830026239490038e-02,3.621710174551810013e+01
1.395931408712140082e-02,3.605945265358329976e+01
1.447695729425800028e-02,3.591150392439779893e+01
1.501208267150349988e-02,3.572065167584860035e+01
1.556469021691309941e-02,3.554576875262350200e+01
1.613549058620740093e-02,3.546457450086310104e+01
1.672448377705470016e-02,3.535939828587260081e+01
1.733294897092929956e-02,3.526464464807970245e+01
1.796188108582329884e-02,3.454390243893160317e+01
1.861128011854579906e-02,3.444960420483820229e+01
1.928114606565639946e-02,3.433675365503209775e+01
1.997247384416200172e-02,3.424941607259909659e+01
2.068654263364000032e-02,3.415528783820909808e+01
2.142235750883639961e-02,3.402253182676240328e+01
2.218261896355879989e-02,3.387002944798000215e+01
2.296618994014040099e-02,3.373221975218130098e+01
2.377449174758410055e-02,3.365781922448739749e+01
2.460922995702809896e-02,3.355955591965150120e+01
2.546997816657680172e-02,3.342891456011769691e+01
2.635730489410640157e-02,3.330422682383709798e+01
2.727206291960879853e-02,3.317864089254639737e+01
2.821595781073479858e-02,3.302352319254359969e+01
2.918898955674879836e-02,3.292208906829060311e+01
3.019144240892829983e-02,3.279334880166339872e+01
3.122502193148470051e-02,3.209562037541319768e+01
3.229029663595840011e-02,3.201341496981110168e+01
3.338826142665970304e-02,3.194028179462139860e+01
3.451991120627920240e-02,3.179961417271540114e+01
3.568609874443039870e-02,3.171549532963679852e+01
3.688696615242140209e-02,3.162285606677719940e+01
3.812464537786079688e-02,3.154145050048829901e+01
3.939942065916109820e-02,3.145244811131399842e+01
4.071171836402689981e-02,3.135087974254900089e+01
4.206381256355200271e-02,3.128546524047850141e+01
4.345541896400909737e-02,3.119143060537490086e+01
4.488938015469030179e-02,3.114083055349500029e+01
4.636484331125689806e-02,3.109599384894740126e+01
4.788450888424859719e-02,3.104308583186220005e+01
4.944880322215190055e-02,3.106416364816519859e+01
5.105729988390370067e-02,3.096904123746429960e+01
5.271511553267720085e-02,3.089929595360390024e+01
5.442011814560950012e-02,3.085827247913070082e+01
5.617500814766759887e-02,3.080522067730240110e+01
5.798035399373659832e-02,3.076519900101880012e+01
5.983743478693360346e-02,3.071426024803750110e+01
6.174824027683430139e-02,3.064800020364609878e+01
6.371362315912580676e-02,3.057535993135889996e+01
6.573514677485470248e-02,3.053806385627159870e+01
6.781380593365489429e-02,3.044292288560129833e+01
6.995201674051970686e-02,3.036360762669490043e+01
7.215063185382540600e-02,3.025601768493649857e+01
7.441149883364789330e-02,3.015470189314619986e+01
7.673603883615609522e-02,3.001817549191990153e+01
7.912538874399220601e-02,2.985372418623699886e+01
8.158125394627130378e-02,2.965616028125469938e+01
8.410406064684800009e-02,2.943777861961950038e+01
8.670006235772080572e-02,2.913763471750110057e+01
8.936712690669329495e-02,2.886154108781079941e+01
9.210710174130619377e-02,2.854111356001629929e+01
9.492254493427269846e-02,2.815625799619229852e+01
9.781544601474939649e-02,2.823153946188969954e+01
1.007872259690340000e-01,2.720970227168159994e+01
1.038398742736039992e-01,2.721268639649730048e+01
1.069760910189530012e-01,2.665919482567640131e+01
1.101967285870359969e-01,2.607543777850320055e+01
1.135053397717040030e-01,2.545548750122259918e+01
1.169020662420409973e-01,2.475692214278850045e+01
1.203910292236230056e-01,2.404795883792209921e+01
1.239727966894419997e-01,2.324680962243460058e+01
1.276504948724540012e-01,2.247722666700180127e+01
1.314261129291899866e-01,2.166801298308419987e+01
1.352997923094300114e-01,2.081131319279689862e+01
1.392803441604009984e-01,1.991635494424430064e+01
1.433642144993199918e-01,1.903277122498399976e+01
1.475552398897080064e-01,1.809656216373160120e+01
1.518562619270689973e-01,1.720381285086140011e+01
1.562705485002900130e-01,1.626796572676580155e+01
1.607990933990020022e-01,1.536053047748539946e+01
1.654454485845230083e-01,1.445439271512439916e+01
1.702131659081770054e-01,1.359511731120660016e+01
1.751043758612990109e-01,1.268810589992999915e+01
1.801206403302740011e-01,1.186223646603349913e+01
1.852667899265980078e-01,1.080111943758450010e+01
1.905453811362330108e-01,1.027822226181389986e+01
1.959582596923540032e-01,9.527505017411909805e+00
2.015095451356760103e-01,8.614942935796879198e+00
2.072017934890210134e-01,7.933575648527879665e+00
2.130371342407930135e-01,7.300444547946639773e+00
2.190232393805330025e-01,6.776259440642140142e+00
2.251586849732259976e-01,6.160354265799890428e+00
2.314485844010290005e-01,5.644975258753849978e+00
2.378962032379040026e-01,5.161623624654920306e+00
2.445062279712900133e-01,4.724419135313770113e+00
2.512800761079240219e-01,4.314546126585740105e+00
2.582224335577800178e-01,3.952277550330530076e+00
2.653372753108519944e-01,3.598742640935459924e+00
2.726277233223349805e-01,3.290181196652929962e+00
2.800987466562039896e-01,3.003229113725519817e+00
2.877536086075069832e-01,2.749242424964899900e+00
2.900876520628560273e-01,2.678329397447429816e+00
2.933047362694820026e-01,2.580070783337100160e+00
2.965216183215739765e-01,2.490671904734110154e+00
2.997382960223610171e-01,2.394872753888690031e+00
3.029547671758819893e-01,2.342055492602510114e+00
3.061710295869879972e-01,2.253244657628850067e+00
3.093870810613509881e-01,2.173108668910450181e+00
3.126029194054770199e-01,2.087118258416380101e+00
3.158185424267099806e-01,2.019264239029030072e+00
3.190339479332440220e-01,1.949115759796230085e+00
3.222491337341260031e-01,1.882297051916270059e+00
3.254640976392729756e-01,1.823891847674079969e+00
3.286788374594700191e-01,1.764126134139879953e+00
3.318933510063890036e-01,1.711690945932069940e+00
3.351076360925889785e-01,1.652964119028200063e+00
3.383216905315299949e-01,1.602331685504440051e+00
3.415355121375769909e-01,1.552170558793650068e+00
3.447490987260130035e-01,1.506212892741870091e+00
3.479624481130429992e-01,1.463806281127300046e+00
3.511755581158069739e-01,1.410826206074450084e+00
3.543884265523830068e-01,1.373401602847710068e+00
3.576010512418000276e-01,1.339745847993710104e+00
3.608134300040439779e-01,1.299361505127389904e+00
3.640255606600670268e-01,1.262540586387489894e+00
3.672374410317960081e-01,1.218172367238989917e+00
3.704490689421390259e-01,1.188557875488490012e+00
3.736604422149980009e-01,1.150515517111410091e+00
3.768715586752710012e-01,1.131782095809900079e+00
3.800824161488650099e-01,1.095641269634910042e+00
3.832930124627029755e-01,1.056896999187399988e+00
3.865033454447320271e-01,1.032237793214360044e+00
3.897134129239330225e-01,1.009214123221670034e+00
3.929232127303249889e-01,9.820111089248210190e-01
3.961327426949770025e-01,9.541966491429879627e-01
3.993420006500170150e-01,9.332576214879250154e-01
4.025509844286370154e-01,9.100272265218269929e-01
4.057596918651020235e-01,8.898603522877219785e-01
4.089681207947610253e-01,8.620060585990619861e-01
4.121762690540520246e-01,8.383166850250279856e-01
4.153841344805119795e-01,8.180826807607749496e-01
4.185917149127830195e-01,7.977883436844650511e-01
4.217990081906239919e-01,7.825490838686020023e-01
4.250060121549160130e-01,7.612659289483200142e-01
4.282127246476700178e-01,7.396615689456980114e-01
4.314191435120379725e-01,7.300288777987750111e-01
4.346252665923179825e-01,7.139224965182670024e-01
4.378310917339660047e-01,6.952998673449110045e-01
4.410366167835970130e-01,6.788430481565540520e-01
4.442418395890029847e-01,6.608384603268020463e-01
4.474467579991530108e-01,6.490573666967469624e-01
4.506513698642030108e-01,6.298964066216170554e-01
4.538556730355070012e-01,6.171090004187179678e-01
4.570596653656219810e-01,6.034552101398029667e-01
4.602633447083179785e-01,5.899890016970139595e-01
4.634667089185849909e-01,5.806785709901639558e-01
4.666697558526399781e-01,5.672856108393560248e-01
4.698724833679360224e-01,5.576836127991420256e-01
4.730748893231729868e-01,5.426220279871679653e-01
4.762769715783000124e-01,5.321084004744059959e-01
4.794787279945290082e-01,5.182586354615460467e-01
4.826801564343359829e-01,5.092933195121399637e-01
4.858812547614779764e-01,4.973527931183310269e-01
4.890820208409920045e-01,4.882022051245040184e-01
4.922824525392089923e-01,4.788281823540059823e-01
4.954825477237589926e-01,4.688865009179180032e-01
4.986823042635820102e-01,4.602210303145379822e-01
5.018817200289299452e-01,4.481045872023620147e-01
5.050807928913799705e-01,4.412166490942309727e-01
5.082795207238429702e-01,4.325364160758700116e-01
5.114779014005650382e-01,4.251091938669919745e-01
5.146759327971429654e-01,4.170600763962479807e-01
5.178736127905250175e-01,4.083072197087149746e-01
5.210709392590260336e-01,4.013931038010210006e-01
5.242679100823279814e-01,3.945469454046969804e-01
5.274645231414939461e-01,3.855225578999280089e-01
5.306607763189710170e-01,3.806121061784459858e-01
5.338566674985999461e-01,3.726075255641450035e-01
5.370521945656270280e-01,3.662967260812480252e-01
5.402473554067039885e-01,3.617628707347539940e-01
5.434421479098999752e-01,3.529275428872720166e-01
5.466365699647109944e-01,3.477743035445520214e-01
5.498306194620640186e-01,3.403623636865389934e-01
5.530242942943269790e-01,3.362021406362850073e-01
5.562175923553159818e-01,3.275178455424119783e-01
5.594105115403009698e-01,3.231610004271330272e-01
5.626030497460170476e-01,3.183501080242480130e-01
5.657952048706700321e-01,3.127730680883339942e-01
5.689869748139430028e-01,3.082538969409659990e-01
5.721783574770049619e-01,3.033268863748159738e-01
5.753693507625210479e-01,2.985242432966009885e-01
5.785599525746539795e-01,2.942571400153750072e-01
5.817501608190790430e-01,2.894358335337329780e-01
5.849399734029849807e-01,2.843792716183110025e-01
5.881293882350859814e-01,2.799200892677820018e-01
5.913184032256270095e-01,2.755887324813849903e-01
5.945070162863920205e-01,2.722758054083220247e-01
5.976952253307119545e-01,2.659751356491429908e-01
6.008830282734699546e-01,2.639132173025540151e-01
6.040704230311140233e-01,2.609956130655080031e-01
6.072574075216570222e-01,2.562837126382609965e-01
6.104439796646889960e-01,2.524644538724329923e-01
6.136301373813860538e-01,2.495729327130269959e-01
6.168158785945120348e-01,2.456780911177620097e-01
6.200012012284320528e-01,2.419577259473129904e-01
6.231861032091160491e-01,2.398834046814209975e-01
6.263705824641450093e-01,2.346395575590589921e-01
6.295546369227249528e-01,2.323845471252919959e-01
6.327382645156860441e-01,2.278690744455290074e-01
6.359214631754940283e-01,2.257982914474510050e-01
6.391042308362590019e-01,2.223719889360419866e-01
6.422865654337399643e-01,2.199798020929989995e-01
6.454684649053510359e-01,2.175188611841039898e-01
6.486499271901740027e-01,2.149809175124020033e-01
6.518309502289599822e-01,2.118435419700480105e-01
6.550115319641389711e-01,2.089611182923049870e-01
6.581916703398279500e-01,2.059941000511240072e-01
6.613713633018369897e-01,2.038243602082719930e-01
6.645506087976740250e-01,2.010587493819790128e-01
6.677294047765579554e-01,1.986839612255359988e-01
6.709077491894199774e-01,1.965811033043249889e-01
6.740856399889150197e-01,1.942554445982140054e-01
6.772630751294249629e-01,1.905965269036659915e-01
6.804400525670679656e-01,1.884675273863470057e-01
6.836165702597080118e-01,1.865988820885400024e-01
6.867926261669540233e-01,1.849076651083400025e-01
6.899682182501769567e-01,1.824352974456160126e-01
6.931433444725100257e-01,1.813518414646760057e-01
6.963180027988570275e-01,1.786328556449179872e-01
6.994921911959020022e-01,1.775180671757659867e-01
7.026659076321120079e-01,1.750309997706029908e-01
7.058391500777480010e-01,1.723100294788590114e-01
7.090119165048690553e-01,1.703351995228339910e-01
7.121842048873410214e-01,1.689285971414190013e-01
7.153560132008409678e-01,1.668858720936650109e-01
7.185273394228709476e-01,1.653787440391840113e-01
7.216981815327530025e-01,1.626261213299169950e-01
7.248685375116480367e-01,1.611183136652910020e-01
7.280384053425540403e-01,1.604141008485469866e-01
7.312077830103189680e-01,1.585900513162220027e-01
7.343766685016449580e-01,1.568329354002780118e-01
7.375450598050919959e-01,1.567205439608700124e-01
7.407129549110920141e-01,1.535920321364510066e-01
7.438803518119480040e-01,1.528170845731960104e-01
7.470472485018470055e-01,1.514414979894639912e-01
7.502136429768619941e-01,1.500901359859589945e-01
7.533795332349619844e-01,1.477605489257229898e-01
7.565449172760180252e-01,1.469900533063419890e-01
7.597097931018069739e-01,1.459229310015580094e-01
7.628741587160230431e-01,1.448602471205840125e-01
7.660380121242810203e-01,1.427643039044990125e-01
7.692013513341230402e-01,1.417558476329089934e-01
7.723641743550270222e-01,1.398794378272399941e-01
7.755264791984110007e-01,1.390062818325580041e-01
7.786882638776420062e-01,1.373313680866289910e-01
7.818495264080419505e-01,1.360609358677090097e-01
7.850102648068929545e-01,1.351122769016570024e-01
7.881704770934450099e-01,1.337374121814380035e-01
7.913301612889209746e-01,1.321164869369509942e-01
7.944893154165260096e-01,1.315245062764709982e-01
7.976479375014510209e-01,1.299089381838759993e-01
8.008060255708819852e-01,1.297359452734170027e-01
8.039635776540029477e-01,1.287388764953550091e-01
8.071205917820060138e-01,1.271017362336210044e-01
8.102770659880940141e-01,1.255104454281190107e-01
8.134329983074900516e-01,1.245325023699219991e-01
8.165883867774440530e-01,1.235861372992270030e-01
8.197432294372359873e-01,1.231619594553180069e-01
8.228975243281839713e-01,1.219323842278459968e-01
8.260512694936530398e-01,1.217266366034509967e-01
8.292044629790550347e-01,1.200384830999469965e-01
8.323571028318620391e-01,1.195805957127030056e-01
8.355091871016080418e-01,1.188363458395119976e-01
8.386607138398980421e-01,1.188752747806439969e-01
8.418116811004110467e-01,1.179570039279120020e-01
8.449620869389089517e-01,1.172319344388900036e-01
8.481119294132429820e-01,1.170590809424719991e-01
8.512612065833560226e-01,1.151786143998369955e-01
8.544099165112930550e-01,1.154089957614039957e-01
8.575580572612070407e-01,1.140519139896680051e-01
8.607056268993610315e-01,1.125166506784559955e-01
8.638526234941390491e-01,1.125786768161539941e-01
8.669990451160479727e-01,1.110240723892459980e-01
8.701448898377289742e-01,1.107850915117229995e-01
8.732901557339559639e-01,1.103453680512660046e-01
8.764348408816490243e-01,1.093145173376079970e-01
8.795789433598769635e-01,1.087176460389479987e-01
8.827224612498619782e-01,1.070619491030429943e-01
8.858653926349879804e-01,1.070757499730320000e-01
8.890077356008070364e-01,1.066019485982560022e-01
8.921494882350430311e-01,1.063064676001029968e-01
8.952906486275969966e-01,1.065308627459480018e-01
8.984312148705579926e-01,1.046095129366250015e-01
9.015711850582029951e-01,1.040194103462679931e-01
9.047105572870060008e-01,1.034730194938280057e-01
9.078493296556450209e-01,1.028106833082819971e-01
9.109875002650009712e-01,1.031226546867509974e-01
9.141250672181749914e-01,1.023108525956600012e-01
9.172620286204840045e-01,1.014847791614860023e-01
9.203983825794690432e-01,1.005747361226950048e-01
9.235341272049060191e-01,1.003345146529749932e-01
9.266692606088049455e-01,1.001894169514350036e-01
9.298037809054190417e-01,9.940068998459339333e-02
9.329376862112499502e-01,9.957917236694499574e-02
9.360709746450509572e-01,9.799189533454109868e-02
9.392036443278379831e-01,9.806390329407430051e-02
9.423356933828910265e-01,9.810495519628470440e-02
9.454671199357580491e-01,9.688319393975260152e-02
9.485979221142649687e-01,9.676119152264869849e-02
9.517280980485219866e-01,9.638223727218500625e-02
9.548576458709230330e-01,9.628767243053039382e-02
9.579865637161559810e-01,9.529515740081609398e-02
9.611148497212069763e-01,9.502950777212730571e-02
9.642425020253659884e-01,9.473636044150379742e-02
9.673695187702330278e-01,9.480995392926480636e-02
9.704958980997210327e-01,9.357996417160280300e-02
9.736216381600639735e-01,9.325061613613039313e-02
9.767467370998219600e-01,9.308304889884609634e-02
9.798711930698850159e-01,9.325446167287139432e-02
9.829950042234799623e-01,9.220556048565900498e-02
9.861181687161739706e-01,9.148871528376699425e-02
9.892406847058829999e-01,9.103428505292640582e-02
9.923625503528730185e-01,9.068093615766270599e-02
9.954837638197699956e-01,9.056415588725690025e-02
9.986043232715600126e-01,8.990757725228769315e-02
1.001724226875599921e+00,8.948934723283749615e-02
1.004843472801620008e+00,8.953450832601279885e-02
1.007962059221719997e+00,8.900187117398189462e-02
1.011079984310389923e+00,8.866778564401729679e-02
1.014197246244519901e+00,8.847565646780289339e-02
1.017313843203369927e+00,8.790212145871739713e-02
1.020429773368620063e+00,8.715298721553499384e-02
1.023545034924350006e+00,8.762176684416519978e-02
1.026659626057029984e+00,8.700521704335739681e-02
1.029773544955570053e+00,8.693781147659170039e-02
1.032886789811289896e+00,8.649454244201390529e-02
1.035999358817919935e+00,8.677123466286150444e-02
1.039111250171649958e+00,8.638882900735450621e-02
1.042222462071070055e+00,8.655461067167259659e-02
1.045332992717239895e+00,8.613481372654729906e-02
1.048442840313630109e+00,8.555563876693110525e-02
1.051552003066200003e+00,8.528563697585959946e-02
1.054660479183320065e+00,8.586106760708170360e-02
1.057768266875859897e+00,8.546056094911649859e-02
1.060875364357120043e+00,8.503674741996079811e-02
1.063981769842899938e+00,8.587184008088590004e-02
1.067087481551439954e+00,8.540878625428019455e-02
1.070192497703480017e+00,8.445000848106770652e-02
1.073296816522250063e+00,8.430968506214829572e-02
1.076400436233430069e+00,8.429189401823740380e-02
1.079503355065229986e+00,8.441549654581649575e-02
1.082605571248349996e+00,8.410827243114120388e-02
1.085707083015980068e+00,8.401781491453889916e-02
1.088807888603809948e+00,8.450543207581530381e-02
1.091907986250080009e+00,8.332179997315210251e-02
1.095007374195499983e+00,8.347770381327750122e-02
1.098106050683320012e+00,8.270140795545860568e-02
1.101204013959310002e+00,8.354352812604469436e-02
1.104301262271790041e+00,8.472444661437070201e-02
1.107397793871579994e+00,8.433918468055019713e-02
1.110493607012069894e+00,8.418588071608849865e-02
1.113588699949169980e+00,8.367036472094449562e-02
1.116683070941349998e+00,8.417712971851949721e-02
1.119776718249620107e+00,8.361968408397679742e-02
1.122869640137559966e+00,8.336747307525080308e-02
1.125961834871300082e+00,8.317775652754809401e-02
1.129053300719550013e+00,8.408518997589249644e-02
1.132144035953569938e+00,8.353536008645799649e-02
1.135234038847219962e+00,8.336388100498880183e-02
1.138323307676899931e+00,8.329285356530420625e-02
1.141411840721620052e+00,8.352277862508260264e-02
1.144499636262980014e+00,8.352796216287010356e-02
1.147586692585149892e+00,8.316662878179259533e-02
1.150673007974919893e+00,8.372275600298370590e-02
1.153758580721649940e+00,8.366239801936620202e-02
1.156843409117340071e+00,8.342489005066699992e-02
1.159927491456570037e+00,8.358163334324800187e-02
1.163010826036539935e+00,8.318499976770539484e-02
1.166093411157060000e+00,8.273995530013560085e-02
1.169175245120579909e+00,8.308179512836100233e-02
1.172256326232159918e+00,8.422977849654809945e-02
1.175336652799479964e+00,8.339996448747670488e-02
1.178416223132870089e+00,8.356842044597150021e-02
1.181495035545290007e+00,8.364539617811979355e-02
1.184573088352329995e+00,8.348058909321440235e-02
1.187650379872249973e+00,8.354703911836970642e-02
1.190726908425939978e+00,8.347842531311069902e-02
1.193802672336939930e+00,8.341836102231439676e-02
1.196877669931460053e+00,8.410403486417469821e-02
1.199951899538350020e+00,8.360657042519929749e-02
1.203025359489150015e+00,8.396420834324250237e-02
1.206098048118050103e+00,8.408502046335139535e-02
1.209169963761919986e+00,8.500367474981990190e-02
1.212241104760310106e+00,8.422488562540110524e-02
1.215311469455419902e+00,8.434932233499130294e-02
1.218381056192179956e+00,8.405274183437899671e-02
1.221449863318170070e+00,8.421005051712980582e-02
1.224517889183680097e+00,8.494023199508679567e-02
1.227585132141689961e+00,8.436515309853290234e-02
1.230651590547880092e+00,8.509886345651709871e-02
1.233717262760620104e+00,8.535950212187809472e-02
1.236782147141010091e+00,8.584456896024909855e-02
1.239846242052830005e+00,8.546311322629840390e-02
1.242909545862590059e+00,8.604389528152389666e-02
1.245972056939520067e+00,8.595997269101519900e-02
1.249033773655559898e+00,8.699552123908770029e-02
1.252094694385389895e+00,8.604466094483699534e-02
1.255154817506380027e+00,8.633616866015339508e-02
1.258214141398680042e+00,8.679551384596659314e-02
1.261272664445139968e+00,8.733342215155590060e-02
1.264330385031360082e+00,8.705259171085290293e-02
1.267387301545670031e+00,8.731561021897710217e-02
1.270443412379169912e+00,8.749418643297270093e-02
1.273498715925670099e+00,8.824406393583919539e-02
1.276553210581770070e+00,8.850758106246629786e-02
1.279606894746800005e+00,8.852481875216139384e-02
1.282659766822860092e+00,8.916613264757379531e-02
1.285711825214800097e+00,8.894950481484920068e-02
1.288763068330240014e+00,8.937034030511170624e-02
1.291813494579580057e+00,8.955468744866569575e-02
1.294863102375970021e+00,9.026309320488409838e-02
1.297911890135339918e+00,9.030291864283129799e-02
1.300959856276409976e+00,9.078832652048569873e-02
1.304006999220679974e+00,9.064672822293159959e-02
1.307053317392409930e+00,9.114141588880070310e-02
1.310098809218670057e+00,9.177388563416609413e-02
1.313143473129319894e+00,9.169226191853589725e-02
1.316187307557000086e+00,9.152034788734700332e-02
1.319230310937149930e+00,9.228849730347959968e-02
1.322272481708030023e+00,9.260332167120549629e-02
1.325313818310670078e+00,9.311389185455599959e-02
1.328354319188919996e+00,9.359112113063010330e-02
1.331393982789450092e+00,9.367618188576709581e-02
1.334432807561720002e+00,9.442486338284440672e-02
1.337470791958019989e+00,9.487238203175539508e-02
1.340507934433460058e+00,9.494684940034779641e-02
1.343544233445949976e+00,9.547076215790240017e-02
1.346579687456249896e+00,9.612790734720880192e-02
1.349614294927919955e+00,9.629421855018330256e-02
1.352648054327360017e+00,9.620530352115150285e-02
1.355680964123809895e+00,9.669635079398519739e-02
1.358713022789330038e+00,9.792023428440860267e-02
1.361744228798839940e+00,9.801796410642329982e-02
1.364774580630069956e+00,9.837330401969300586e-02
1.367804076763599941e+00,9.866677689409099339e-02
1.370832715682889891e+00,9.974783092718650379e-02
1.373860495874190013e+00,9.984042864496950331e-02
1.376887415826649974e+00,1.004493574534389977e-01
1.379913474032260057e+00,1.006916764545069953e-01
1.382938668985850050e+00,1.015152911749580000e-01
1.385962999185119893e+00,1.017931084341660020e-01
1.388986463130639892e+00,1.024331772372329974e-01
1.392009059325820086e+00,1.030002292792230045e-01
1.395030786276979962e+00,1.035312182968029932e-01
1.398051642493260083e+00,1.045974786320810063e-01
1.401071626486690036e+00,1.049826892147940061e-01
1.404090736772189985e+00,1.047787659907540025e-01
1.407108971867540026e+00,1.063268272276609999e-01
1.410126330293399954e+00,1.064356687378100047e-01
1.413142810573319919e+00,1.069736134028309998e-01
1.416158411233719994e+00,1.076095654799589935e-01
1.419173130803909944e+00,1.082386664495989942e-01
1.422186967816110092e+00,1.086946919467410011e-01
1.425199920805400033e+00,1.101538972986240011e-01
1.428211988309759928e+00,1.105113725339229996e-01
1.431223168870090046e+00,1.110186608245520012e-01
1.434233461030159917e+00,1.115868100553119996e-01
1.437242863336650078e+00,1.123167693668010031e-01
1.440251374339140078e+00,1.128704879063059940e-01
1.443258992590120027e+00,1.135585682204660052e-01
1.446265716644979937e+00,1.144025673171499974e-01
1.449271545062029931e+00,1.153424645820220057e-01
1.452276476402480032e+00,1.159321534764610057e-01
1.455280509230449937e+00,1.171353520617850058e-01
1.458283642112979894e+00,1.175000731442970014e-01
1.461285873620040032e+00,1.181200157251769967e-01
1.464287202324509929e+00,1.192506780289159934e-01
1.467287626802179945e+00,1.202462072848630020e-01
1.470287145631780090e+00,1.207912270811389993e-01
1.473285757394950046e+00,1.221551777448170034e-01
1.476283460676270032e+00,1.228829833155899998e-01
1.479280254063249922e+00,1.234450159501299937e-01
1.482276136146329915e+00,1.241518393330550002e-01
1.485271105518870094e+00,1.253523159272779963e-01
1.488265160777189955e+00,1.260350998897890040e-01
1.491258300520519997e+00,1.269329480800349963e-01
1.494250523351039917e+00,1.284617976868789868e-01
1.497241827873889930e+00,1.294751400401890074e-01
1.500232212697119927e+00,1.303131045453680137e-01
1.503221676431750087e+00,1.314938526947639907e-01
1.506210217691720032e+00,1.324536203575630011e-01
1.509197835093960105e+00,1.330325528801399870e-01
1.512184527258300104e+00,1.343000479574590067e-01
1.515170292807549890e+00,1.357720270382559991e-01
1.518155130367480066e+00,1.363994249712779938e-01
1.521139038566799995e+00,1.377889969876220089e-01
1.524122016037170013e+00,1.384147765989310053e-01
1.527104061413220082e+00,1.396680115929669896e-01
1.530085173332550008e+00,1.413755955615519921e-01
1.533065350435699914e+00,1.425271243069410054e-01
1.536044591366179990e+00,1.433492999907720056e-01
1.539022894770470051e+00,1.445514512859319978e-01
1.542000259298009990e+00,1.458902957231630049e-01
1.544976683601209988e+00,1.470567469630489899e-01
1.547952166335450075e+00,1.483656580217460053e-01
1.550926706159079904e+00,1.498107044409129895e-01
1.553900301733420086e+00,1.514540042266440123e-01
1.556872951722769960e+00,1.527938467942850098e-01
1.559844654794390051e+00,1.538968307982800099e-01
1.562815409618530049e+00,1.553368812966459955e-01
1.565785214868419928e+00,1.571972193237159976e-01
1.568754069220249958e+00,1.581024037664159887e-01
1.571721971353210012e+00,1.600379370488229924e-01
1.574688919949460031e+00,1.608554170274809902e-01
1.577654913694150007e+00,1.624920328187229868e-01
1.580619951275409996e+00,1.636992105174600032e-01
1.583584031384360102e+00,1.653875148036000053e-01
1.586547152715100051e+00,1.673519602055359989e-01
1.589509313964710069e+00,1.686932554728030054e-01
1.592470513833289969e+00,1.707644466581869913e-01
1.595430751023900084e+00,1.723677631338479954e-01
1.598390024242589913e+00,1.742120978646830021e-01
1.601348332198430091e+00,1.756632946856039879e-01
1.604305673603469984e+00,1.778984219066939987e-01
1.607262047172729913e+00,1.793628489004459869e-01
1.610217451624269991e+00,1.792499700860329948e-01
1.613171885679109963e+00,1.818498817663929956e-01
1.616125348061300038e+00,1.839288802681390000e-01
1.619077837497850059e+00,1.859971869345549977e-01
1.622029352718800110e+00,1.882195420740200020e-01
1.624979892457180108e+00,1.904224095265960037e-01
1.627929455449039997e+00,1.927847093272540002e-01
1.630878040433390019e+00,1.935410640280630090e-01
1.633825646152289979e+00,1.954865465912239975e-01
1.636772271350769969e+00,1.966868872498009901e-01
1.639717914776900098e+00,1.991926140127019962e-01
1.642662575181710105e+00,2.009533453939029990e-01
1.645606251319289948e+00,2.036107850936889896e-01
1.648548941946690105e+00,2.045126923890409898e-01
1.651490645823999959e+00,2.064795509734909940e-01
1.654431361714310045e+00,2.084785737761609969e-01
1.657371088383720048e+00,2.105822631158300040e-01
1.660309824601339912e+00,2.120069792028080047e-01
1.663247569139280069e+00,2.146643434970769981e-01
1.666184320772700067e+00,2.157802404298420074e-01
1.669120078279729968e+00,2.181408902582230025e-01
1.672054840441540069e+00,2.194809261975939896e-01
1.674988606042300043e+00,2.210272519943410063e-01
1.677921373869200039e+00,2.236436358872709862e-01
1.680853142712460002e+00,2.258108093719720100e-01
1.683783911365289931e+00,2.273233626721009870e-01
1.686713678623940060e+00,2.290443942840670044e-01
1.689642443287660001e+00,2.307545988884419919e-01
1.692570204158730052e+00,2.327786028843600030e-01
1.695496960042440104e+00,2.341558652464069967e-01
1.698422709747100079e+00,2.359932218149100036e-01
1.701347452084049916e+00,2.382179850429400059e-01
1.704271185867650029e+00,2.395668141892300096e-01
1.707193909915249996e+00,2.405153431375829931e-01
1.710115623047250066e+00,2.419033440734550122e-01
1.713036324087080065e+00,2.444323235592109900e-01
1.715956011861160091e+00,2.458663225478379954e-01
1.718874685198950036e+00,2.464209108190759945e-01
1.721792342932930042e+00,2.485557188787529959e-01
1.724708983898610049e+00,2.498844756935169886e-01
1.727624606934500040e+00,2.504499993538579772e-01
1.730539210882160006e+00,2.515855192014139763e-01
1.733452794586149981e+00,2.527795655571299926e-01
1.736365356894080003e+00,2.544977222477409762e-01
1.739276896656559934e+00,2.551264400848730074e-01
1.742187412727230100e+00,2.563496135248790053e-01
1.745096903962759960e+00,2.574899716727250265e-01
1.748005369222850103e+00,2.571036573934910030e-01
1.750912807370200053e+00,2.583125448019240045e-01
1.753819217270569997e+00,2.583819901429220134e-01
1.756724597792709952e+00,2.592234291761710274e-01
1.759628947808409949e+00,2.587585513896670242e-01
1.762532266192500030e+00,2.598259974189010002e-01
1.765434551822810061e+00,2.600456946795289825e-01
1.768335803580199928e+00,2.598914752447140097e-01
1.771236020348579965e+00,2.606284827302399743e-01
1.774135201014860108e+00,2.604815407958729900e-01
1.777033344468970100e+00,2.605046393064410215e-01
1.779930449603879916e+00,2.606066522376739858e-01
1.782826515315589999e+00,2.601125244775039924e-01
1.785721540503119931e+00,2.599239263594009808e-01
1.788615524068499996e+00,2.592321568811479793e-01
1.791508464916800047e+00,2.592946594668110172e-01
1.794400361956109968e+00,2.591918914129540119e-01
1.797291214097560097e+00,2.577272472937309766e-01
1.800181020255279929e+00,2.571894416578650033e-01
1.803069779346430090e+00,2.558920297605489780e-01
1.805957490291199896e+00,2.552472845101220189e-01
1.808844152012820006e+00,2.542401658829619993e-01
1.811729763437510021e+00,2.536516679054580115e-01
1.814614323494539994e+00,2.519311320811840060e-01
1.817497831116180018e+00,2.508578344049640085e-01
1.820380285237759965e+00,2.491229918716210134e-01
1.823261684797579996e+00,2.484695654243850027e-01
1.826142028737020029e+00,2.466407768385019961e-01
1.829021316000440045e+00,2.441699870931930139e-01
1.831899545535230045e+00,2.427919676224379875e-01
1.834776716291820042e+00,2.409887484083509945e-01
1.837652827223640095e+00,2.396545729009069980e-01
1.840527877287150060e+00,2.378063852306460113e-01
1.843401865441830045e+00,2.356347462205060084e-01
1.846274790650179964e+00,2.335294740820079984e-01
1.849146651877709990e+00,2.318845956581969958e-01
1.852017448092960095e+00,2.298081065352710062e-01
1.854887178267490055e+00,2.271204392358109891e-01
1.857755841375869910e+00,2.254099099275979901e-01
1.860623436395689945e+00,2.223707735779630046e-01
1.863489962307560033e+00,2.202745786883950063e-01
1.866355418095100083e+00,2.174005904652580035e-01
1.869219802744950032e+00,2.157273974825990037e-01
1.872083115246760077e+00,2.131492842908219998e-01
1.874945354593199998e+00,2.100881189863340048e-01
1.877806519779960048e+00,2.074345889410179888e-01
1.880666609805730083e+00,2.045733590014459924e-01
1.883525623672219984e+00,2.024724371794839883e-01
1.886383560384149893e+00,1.995768227621380064e-01
1.889240418949249989e+00,1.967141168291650088e-01
1.892096198378270033e+00,1.937750026592200137e-01
1.894950897684960056e+00,1.917187279746130069e-01
1.897804515886079901e+00,1.882786205070740015e-01
1.900657052001389902e+00,1.860981404131769879e-01
1.903508505053689959e+00,1.827705994308380100e-01
1.906358874068740050e+00,1.797714052215720060e-01
1.909208158075359929e+00,1.770786755414960056e-01
1.912056356105320098e+00,1.749373967845840039e-01
1.914903467193429965e+00,1.715549894648620011e-01
1.917749490377490096e+00,1.689122324893979898e-01
1.920594424698319980e+00,1.656426154445929944e-01
1.923438269199720052e+00,1.632848998087819969e-01
1.926281022928499898e+00,1.600408402685299936e-01
1.929122684934470033e+00,1.574311855888829992e-01
1.931963254270439911e+00,1.544878875054190026e-01
1.934802729992219916e+00,1.526440317180290107e-01
1.937641111158610041e+00,1.493791394839980025e-01
1.940478396831420094e+00,1.466421737934270053e-01
1.943314586075429951e+00,1.443048697328410124e-01
1.946149677958449953e+00,1.413949273540250073e-01
1.948983671551250074e+00,1.391838487284020043e-01
1.951816565927610103e+00,1.363782382410859972e-01
1.954648360164300103e+00,1.337181809629640061e-01
1.957479053341079966e+00,1.315221651019229943e-01
1.960308644540690093e+00,1.287829999123830116e-01
1.963137132848870037e+00,1.261415353629659897e-01
1.965964517354340080e+00,1.239908113076349933e-01
1.968790797148809890e+00,1.207077789973679954e-01
1.971615971326970085e+00,1.186564079950890027e-01
1.974440038986490009e+00,1.165587362564499962e-01
1.977262999228039941e+00,1.142724054306629988e-01
1.980084851155250014e+00,1.118103897163510024e-01
1.982905593874739969e+00,1.101106899868599942e-01
1.985725226496110052e+00,1.078754331641360031e-01
1.988543748131929911e+00,1.056775598589689974e-01
1.991361157897759915e+00,1.037584083899719956e-01
1.994177454912120062e+00,1.017538518374629941e-01
1.996992638296509970e+00,9.943642800684719674e-02
1.999806707175399989e+00,9.764643608609660519e-02
2.002619660676240088e+00,9.554708081231019778e-02
2.005431497929440088e+00,9.366905283010630578e-02
2.008242218068379881e+00,9.158690186402039524e-02
2.011051820229409870e+00,9.033360181130430100e-02
2.013860303551839870e+00,8.827222035377349507e-02
2.016667667177950207e+00,8.672122141823260244e-02
2.019473910252989945e+00,8.474997376695279916e-02
2.022279031925149795e+00,8.330887095768109429e-02
2.025083031345599860e+00,8.178078170675620595e-02
2.027885907668459886e+00,8.024787526551399597e-02
2.030687660050820131e+00,7.820501685392569624e-02
2.033488287652689852e+00,7.679311189786229563e-02
2.036287789637079904e+00,7.542286205329000459e-02
2.039086165169929910e+00,7.425399057014520077e-02
2.041883413420119808e+00,7.257981061901400133e-02
2.044679533559500051e+00,7.147032429581789970e-02
2.047474524762860071e+00,7.028037359327879430e-02
2.050268386207939830e+00,6.887439904445920302e-02
2.053061117075420050e+00,6.772036876438310149e-02
2.055852716548919989e+00,6.627321553831559686e-02
2.058643183815020095e+00,6.518442456417719577e-02
2.061432518063219810e+00,6.427544035728009753e-02
2.064220718485959782e+00,6.314982804806709704e-02
2.067007784278640070e+00,6.155854946211729989e-02
2.069793714639569959e+00,6.086640592980689657e-02
2.072578508770010153e+00,5.980015417936859756e-02
2.075362165874130138e+00,5.856239217874179698e-02
2.078144685159049931e+00,5.781221641038160330e-02
2.080926065834820093e+00,5.687000845163889956e-02
2.083706307114410183e+00,5.532982672313749989e-02
2.086485408213710091e+00,5.467726859992579763e-02
2.089263368351539807e+00,5.423939273580340170e-02
2.092040186749649866e+00,5.314714018900579956e-02
2.094815862632689818e+00,5.195884556321680309e-02
2.097590395228240201e+00,5.145200985240779706e-02
2.100363783766800108e+00,5.086791529866450251e-02
2.103136027481769865e+00,4.975434422600189671e-02
2.105907125609490116e+00,4.900537583064099728e-02
2.108677077389180088e+00,4.862218508128710037e-02
2.111445882062979784e+00,4.772317295085740096e-02
2.114213538875949983e+00,4.700826527184139708e-02
2.116980047076030047e+00,4.650849435840759966e-02
2.119745405914100100e+00,4.598286790347880237e-02
2.122509614643900200e+00,4.516899479715470039e-02
2.125272672522089845e+00,4.429191283887969760e-02
2.128034578808230215e+00,4.394634981510989885e-02
2.130795332764780170e+00,4.341731954784280173e-02
2.133554933657079822e+00,4.298180547712129873e-02
2.136313380753359858e+00,4.233883553707459835e-02
2.139070673324760197e+00,4.156100364618030285e-02
2.141826810645279799e+00,4.092457848274509702e-02
2.144581791991840181e+00,4.068003469099239905e-02
2.147335616644209910e+00,4.017086836395680066e-02
2.150088283885060125e+00,3.946900112183569787e-02
2.152839792999940105e+00,3.945879097710620204e-02
2.155590143277270165e+00,3.849527152705250338e-02
2.158339334008339883e+00,3.812575519419839770e-02
2.161087364487340068e+00,3.796007389416680006e-02
2.163834234011309920e+00,3.728830343380030304e-02
2.166579941880149907e+00,3.706639302600930191e-02
2.169324487396659951e+00,3.672424733948650294e-02
2.172067869866470158e+00,3.602960017084969740e-02
2.174810088598090108e+00,3.576603130979220252e-02
2.177551142902890202e+00,3.546719248059569674e-02
2.180291032095110104e+00,3.511981861323749954e-02
2.183029755491820101e+00,3.440239145443300256e-02
2.185767312412960184e+00,3.431536169560220340e-02
2.188503702181320065e+00,3.385896973776669761e-02
2.191238924122549836e+00,3.356477837042760176e-02
2.193972977565119997e+00,3.317903249213770278e-02
2.196705861840380081e+00,3.316151136100829733e-02
2.199437576282500029e+00,3.272079804200239694e-02
2.202168120228490178e+00,3.238239549553469793e-02
2.204897493018210142e+00,3.224714778619450217e-02
2.207625693994359928e+00,3.184267338617269988e-02
2.210352722502459955e+00,3.156265449931439787e-02
2.213078577890859933e+00,3.111353268877950148e-02
2.215803259510749967e+00,3.088181654404910034e-02
2.218526766716149901e+00,3.061238529339660105e-02
2.221249098863890215e+00,3.030840811429219919e-02
2.223970255313640010e+00,3.013773977926099967e-02
2.226690235427870146e+00,3.009073800271900093e-02
2.229409038571890100e+00,2.970805290619489905e-02
2.232126664113810222e+00,2.945651305004489892e-02
2.234843111424550166e+00,2.929231342098129881e-02
2.237558379877850001e+00,2.889777247920320008e-02
2.240272468850259990e+00,2.901643593496840146e-02
2.242985377721120166e+00,2.861095464050440046e-02
2.245697105872599852e+00,2.899261096197150098e-02
2.248407652689639935e+00,2.824803068232650122e-02
2.251117017559990163e+00,2.801755860591089928e-02
2.253825199874210039e+00,2.797755050028160120e-02
2.256532199025639951e+00,2.750333933876639853e-02
2.259238014410410056e+00,2.737684349319740099e-02
2.261942645427439835e+00,2.717413096172709847e-02
2.264646091478439871e+00,2.691923809685490068e-02
2.267348351967890085e+00,2.665487843568059914e-02
2.270049426303069939e+00,2.676151855806660138e-02
2.272749313894019796e+00,2.656033151361199968e-02
2.275448014153580001e+00,2.631846265467149837e-02
2.278145526497330042e+00,2.615225976698380000e-02
2.280841850343649835e+00,2.582232789109659837e-02
2.283536985113669981e+00,2.590408162522609900e-02
2.286230930231300196e+00,2.572962283400689887e-02
2.288923685123190221e+00,2.549266202398510137e-02
2.291615249218769801e+00,2.563892272532109981e-02
2.294305621950219809e+00,2.499292919106799876e-02
2.296994802752479803e+00,2.497289316788400132e-02
2.299682791063240028e+00,2.472457875411350134e-02
2.302369586322940087e+00,2.487213624576909907e-02
2.305055187974749842e+00,2.469850396393380096e-02
2.307739595464609828e+00,2.443853381383339837e-02
2.310422808241189951e+00,2.461432151832399981e-02
2.313104825755909921e+00,2.414955957990659943e-02
2.315785647462889951e+00,2.412477208192400149e-02
2.318465272819029810e+00,2.419396439107170116e-02
2.321143701283930216e+00,2.378495995305960134e-02
2.323820932319930144e+00,2.379417044895600075e-02
2.326496965392100158e+00,2.375211978672159968e-02
2.329171799968220213e+00,2.352852892733510101e-02
2.331845435518789866e+00,2.345703315555629914e-02
2.334517871517030052e+00,2.332208703853089898e-02
2.337189107438890190e+00,2.330703722649600171e-02
2.339859142763000222e+00,2.305811931286110006e-02
2.342527976970730119e+00,2.312950226634610112e-02
2.345195609546140147e+00,2.322272286895489882e-02
2.347862039975990189e+00,2.300777537044540119e-02
2.350527267749740190e+00,2.292881197229360013e-02
2.353191292359559927e+00,2.316617577382450166e-02
2.355854113300309916e+00,2.274787487067870054e-02
2.358515730069529859e+00,2.281365793173839931e-02
2.361176142167459968e+00,2.278044631856209964e-02
2.363835349097020089e+00,2.238180878975469870e-02
2.366493350363819914e+00,2.252661542945180034e-02
2.369150145476139890e+00,2.244898311364789886e-02
2.371805733944949868e+00,2.226675540304700121e-02
2.374460115283879791e+00,2.218478445826760001e-02
2.377113289009240127e+00,2.206472009428889908e-02
2.379765254640020089e+00,2.203950329204019953e-02
2.382416011697840119e+00,2.171148216429930056e-02
2.385065559707019833e+00,2.198719018248140172e-02
2.387713898194530060e+00,2.173978714153690026e-02
2.390361026689970192e+00,2.184509215355499856e-02
2.393006944725640128e+00,2.180084502594070023e-02
2.395651651836450124e+00,2.183447142344020070e-02
2.398295147559979856e+00,2.156946540054180059e-02
2.400937431436439784e+00,2.150751507827760103e-02
2.403578503008700018e+00,2.129879857353200040e-02
2.406218361822260121e+00,2.144311319014439998e-02
2.408857007425249996e+00,2.123051369665419907e-02
2.411494439368429887e+00,2.132972371295010008e-02
2.414130657205220132e+00,2.126144954402149970e-02
2.416765660491619894e+00,2.179687421924710045e-02
2.419399448786290208e+00,2.139761878310309992e-02
2.422032021650490030e+00,2.097582118063590073e-02
2.424663378648120204e+00,2.108441543690790093e-02
2.427293519345670170e+00,2.083764026144870052e-02
2.429922443312260150e+00,2.115092252893700092e-02
2.432550150119590082e+00,2.130218763700940030e-02
2.435176639342009786e+00,2.189663994231259847e-02
2.437801910556430141e+00,2.054873960111890108e-02
2.440425963342390148e+00,2.070267959694420054e-02
2.443048797282000084e+00,2.139216735598229932e-02
2.445670411959980139e+00,2.041551253837239899e-02
2.448290806963630217e+00,2.046333791709040173e-02
2.450909981882849920e+00,2.006096849427550094e-02
2.453527936310110125e+00,2.033884149820409937e-02
2.456144669840460093e+00,2.034356773845770114e-02
2.458760182071539901e+00,2.025758596280539947e-02
2.461374472603549801e+00,2.028519513273609881e-02
2.463987541039270202e+00,2.025842302609719842e-02
2.466599386984050124e+00,2.033135865664350075e-02
2.469210010045780113e+00,2.024854709996549984e-02
2.471819409834949965e+00,1.993070038060699989e-02
2.474427585964570131e+00,2.028488164071109989e-02
2.477034538050240098e+00,1.974814045738399956e-02
2.479640265710080005e+00,2.001801440685930036e-02
2.482244768564770165e+00,1.977512204011969837e-02
2.484848046237550179e+00,1.969370518608599963e-02
2.487450098354190064e+00,1.944227180303029906e-02
2.490050924542980049e+00,1.966061551020910000e-02
2.492650524434779857e+00,1.973208035745300029e-02
2.495248897662960097e+00,1.967755925531729927e-02
2.497846043863420018e+00,1.956126588537529867e-02
2.500441962674599949e+00,1.959923211028819987e-02
2.503036653737439998e+00,1.933093351904879853e-02
2.505630116695420018e+00,1.934005832681849960e-02
2.508222351194520083e+00,1.943874303924440078e-02
2.510813356883249803e+00,1.917469062638670063e-02
2.513403133412610124e+00,1.938831067519850015e-02
2.515991680436110212e+00,1.925548950126520012e-02
2.518578997609779879e+00,1.928681138953020069e-02
2.521165084592130068e+00,1.944382834977120139e-02
2.523749941044179934e+00,1.926584450890279909e-02
2.526333566629419991e+00,1.917998668286709923e-02
2.528915961013849856e+00,1.904718647859600031e-02
2.531497123865960042e+00,1.926236690831690038e-02
2.534077054856699984e+00,1.935485603371280006e-02
2.536655753659519785e+00,1.916220560971980055e-02
2.539233219950340015e+00,1.905590108570159869e-02
2.541809453407529951e+00,1.916463458042089868e-02
2.544384453711979965e+00,1.878598018464540040e-02
2.546958220546990059e+00,1.909840679748829942e-02
2.549530753598360011e+00,1.903408188206909962e-02
2.552102052554329870e+00,1.902626817864529890e-02
2.554672117105619922e+00,1.900747574319619840e-02
2.557240946945360083e+00,1.895817883238529872e-02
2.559808541769160062e+00,1.897751050994739980e-02
2.562374901275080052e+00,1.867144934881680152e-02
2.564940025163600090e+00,1.877882589842209959e-02
2.567503913137649807e+00,1.874381330934370149e-02
2.570066564902599993e+00,1.882158132526379896e-02
2.572627980166239947e+00,1.880036524789339969e-02
2.575188158638789915e+00,1.888250519640570155e-02
2.577747100032909966e+00,1.859830470926900070e-02
2.580304804063669799e+00,1.884681761109609915e-02
2.582861270448550073e+00,1.879428316509830152e-02
2.585416498907449956e+00,1.858602481538940143e-02
2.587970489162700005e+00,1.858434026676670028e-02
2.590523240938999994e+00,1.853723782081029975e-02
2.593074753963500179e+00,1.862435924342700083e-02
2.595625027965700049e+00,1.872397001245569917e-02
2.598174062677539808e+00,1.865971442017390000e-02
2.600721857833330208e+00,1.856717433890609989e-02
2.603268413169780082e+00,1.855963092287829866e-02
2.605813728425979914e+00,1.836038424327390145e-02
2.608357803343409831e+00,1.861617550775759855e-02
2.610900637665920065e+00,1.847995851371130038e-02
2.613442231139750049e+00,1.834811046590609923e-02
2.615982583513499993e+00,1.834611822021079905e-02
2.618521694538140210e+00,1.842796289544959901e-02
2.621059563967020001e+00,1.825395577758969975e-02
2.623596191555829904e+00,1.852588384594660090e-02
2.626131577062639888e+00,1.835878817567070109e-02
2.628665720247859827e+00,1.860937289584799897e-02
2.631198620874250160e+00,1.834111596043210002e-02
2.633730278706929884e+00,1.827912548804999995e-02
2.636260693513360120e+00,1.866307614806090101e-02
2.638789865063340123e+00,1.812986671571609892e-02
2.641317793129000169e+00,1.824596120789330131e-02
2.643844477484809996e+00,1.846758315794580149e-02
2.646369917907580138e+00,1.859557488245050169e-02
2.648894114176429948e+00,1.841545707174420052e-02
2.651417066072800033e+00,1.846242669777950138e-02
2.653938773380470018e+00,1.831260331714610126e-02
2.656459235885530124e+00,1.839703703566819906e-02
2.658978453376359852e+00,1.854199063670760109e-02
2.661496425643670172e+00,1.840316083698239832e-02
2.664013152480479985e+00,1.845417393518630073e-02
2.666528633682100136e+00,1.827700658245829876e-02
2.669042869046129862e+00,1.865669488139769933e-02
2.671555858372470116e+00,1.826914471566859835e-02
2.674067601463329780e+00,1.810244138617890172e-02
2.676578098123179927e+00,1.855290506863609828e-02
2.679087348158780024e+00,1.847305342221830168e-02
2.681595351379189918e+00,1.850842577547289966e-02
2.684102107595709885e+00,1.848332632266350140e-02
2.686607616621949912e+00,1.838649339220390158e-02
2.689111878273759970e+00,1.834823564385320085e-02
2.691614892369269985e+00,1.841382702475670083e-02
2.694116658728869851e+00,1.867521259823099952e-02
2.696617177175200109e+00,1.852385920933050101e-02
2.699116447533170149e+00,1.874348380302760103e-02
2.701614469629909809e+00,1.859727832471709877e-02
2.704111243294850198e+00,1.813573920046419874e-02
2.706606768359599791e+00,1.871322277711880144e-02
2.709101044658050128e+00,1.871589451499020007e-02
2.711594072026330071e+00,1.893669717776760159e-02
2.714085850302769831e+00,1.875365556982069859e-02
2.716576379327960034e+00,1.897659254619279978e-02
2.719065658944700203e+00,1.877584295760259883e-02
2.721553688998000098e+00,1.881459846373019842e-02
2.724040469335120118e+00,1.883960376003769935e-02
2.726525999805510025e+00,1.884138625805020090e-02
2.729010280260820043e+00,1.884594305507500053e-02
2.731493310554950149e+00,1.907596786356529836e-02
2.733975090543950159e+00,1.897869013735509897e-02
2.736455620086100105e+00,1.864814434250600117e-02
2.738934899041880033e+00,1.886959886531459907e-02
2.741412927273939815e+00,1.914916720378170151e-02
2.743889704647139993e+00,1.933944465225040030e-02
2.746365231028499831e+00,1.907231776452479946e-02
2.748839506287239942e+00,1.908970997647200032e-02
2.751312530294749870e+00,1.972378783719869882e-02
2.753784302924600080e+00,1.917253151649839921e-02
2.756254824052529973e+00,1.937032980641570021e-02
2.758724093556419898e+00,1.909057996103289898e-02
2.761192111316340014e+00,1.945829120778359844e-02
2.763658877214520082e+00,1.918974233335209861e-02
2.766124391135329930e+00,1.951088152047900093e-02
2.768588652965290109e+00,1.961334432252069895e-02
2.771051662593079890e+00,1.954211352908759997e-02
2.773513419909510169e+00,2.014243247311719998e-02
2.775973924807550119e+00,1.976043287808629950e-02
2.778433177182280112e+00,1.947111281032479907e-02
2.780891176930920139e+00,1.978120651265900115e-02
2.783347923952840031e+00,2.021854781181730079e-02
2.785803418149510158e+00,2.002381405170350001e-02
2.788257659424520085e+00,2.016812827483190074e-02
2.790710647683610102e+00,2.051917280383239867e-02
2.793162382834580182e+00,2.034316563848890050e-02
2.795612864787400120e+00,2.059365165804109832e-02
2.798062093454090071e+00,2.071539926698379858e-02
2.800510068748820025e+00,2.072067078068999882e-02
2.802956790587820102e+00,2.042238516860109959e-02
2.805402258889440059e+00,2.107987949030560096e-02
2.807846473574110213e+00,2.103699524771170115e-02
2.810289434564360089e+00,2.123856731710600104e-02
2.812731141784779787e+00,2.147598694809479958e-02
2.815171595162050178e+00,2.183052894056939849e-02
2.817610794624950010e+00,2.214398408653839995e-02
2.820048740104290186e+00,2.326828597244659860e-02
2.822485431532990141e+00,2.378813658033099993e-02
2.824920868846000133e+00,2.278499390490990040e-02
2.827355051980350087e+00,2.284056950963190072e-02
2.829787980875119846e+00,2.281952793996660026e-02
2.832219655471460040e+00,2.304764868384279880e-02
2.834650075712529915e+00,2.347476443259299828e-02
2.837079241543590147e+00,2.383199067179909980e-02
2.839507152911899812e+00,2.406180572952449845e-02
2.841933809766770125e+00,2.406811638428939942e-02
2.844359212059549780e+00,2.401414942455199972e-02
2.846783359743620068e+00,2.407054090517710132e-02
2.849206252774380221e+00,2.449969764708229830e-02
2.851627891109259849e+00,2.480411271280119970e-02
2.854048274707710053e+00,2.525083236752440063e-02
2.856467403531179894e+00,2.593812780225520156e-02
2.858885277543159908e+00,2.612310912075760036e-02
2.861301896709130155e+00,2.652834222944680173e-02
2.863717260996560210e+00,2.663330823893310037e-02
2.866131370374950027e+00,2.718370999814869945e-02
2.868544224815789967e+00,2.717637618599659868e-02
2.870955824292539926e+00,2.831536379307550075e-02
2.873366168780679963e+00,2.838839460099079962e-02
2.875775258257660116e+00,2.853938129052489836e-02
2.878183092702899959e+00,2.966201175066709994e-02
2.880589672097809917e+00,3.001530225128220056e-02
2.882994996425789935e+00,3.109477678736249917e-02
2.885399065672180186e+00,3.195440525523410291e-02
2.887801879824309914e+00,3.281558299225040276e-02
2.890203438871449926e+00,3.312835604541049944e-02
2.892603742804849887e+00,3.322385822934229710e-02
2.895002791617709903e+00,3.466973629442660076e-02
2.897400585305169862e+00,3.515976226266390170e-02
2.899797123864320092e+00,3.603963792323690296e-02
2.902192407294209797e+00,3.701532488426449718e-02
2.904586435595810201e+00,3.830831395023510250e-02
2.906979208772030088e+00,3.905611200223960133e-02
2.909370726827730014e+00,4.061374568075030306e-02
2.911760989769669905e+00,4.130405062360330282e-02
2.914149997606549913e+00,4.289442850420960296e-02
2.916537750349000202e+00,4.342349564626270253e-02
2.918924248009540090e+00,4.517784944528999841e-02
2.921309490602630010e+00,4.618308964874619921e-02
2.923693478144630209e+00,4.690852544087410064e-02
2.926076210653790088e+00,4.923926555747350220e-02
2.928457688150289950e+00,4.954031798116759894e-02
2.930837910656180156e+00,5.128514869480060162e-02
2.933216878195429977e+00,5.287963632432449851e-02
2.935594590793880077e+00,5.380776722589000055e-02
2.937971048479270042e+00,5.617246379408139673e-02
2.940346251281200196e+00,5.801056090431180173e-02
2.942720199231180001e+00,5.997788355156270096e-02
2.945092892362580095e+00,6.177186736182810334e-02
2.947464330710639846e+00,6.168754588656939764e-02
2.949834514312459799e+00,6.221704029019650001e-02
2.952203443207030098e+00,6.531360536412239570e-02
2.954571117435159877e+00,6.808818505454490577e-02
2.956937537039550090e+00,6.937344230566319658e-02
2.959302702064740220e+00,7.120728111581429987e-02
2.961666612557119826e+00,7.180668217875460502e-02
2.964029268564920105e+00,7.423528951745229920e-02
2.966390670138209895e+00,7.357109417585690203e-02
2.968750817328909886e+00,7.526981853988319593e-02
2.971109710190760200e+00,7.885733424810599523e-02
2.973467348779330166e+00,7.982706253912140448e-02
2.975823733152020090e+00,8.069504898292870210e-02
2.978178863368050155e+00,7.919805007237840089e-02
2.980532739488459981e+00,8.058835083141339950e-02
2.982885361576100181e+00,8.276288916647260574e-02
2.985236729695639912e+00,8.341894219712639447e-02
2.987586843913539791e+00,8.561247222548939995e-02
2.989935704298079866e+00,8.397289491213380530e-02
2.992283310919320094e+00,8.291234429248159343e-02
2.994629663849139867e+00,8.603838991006890202e-02
2.996974763161190047e+00,8.519822097451459908e-02
2.999318608930909846e+00,8.978450069364489472e-02
3.001661201235540144e+00,8.731871298103409396e-02
3.004002540154079970e+00,8.887104353615959962e-02
3.006342625767310039e+00,8.602069791058560011e-02
3.008681458157799860e+00,8.538062432001759794e-02
3.011019037409869981e+00,8.600694370358359653e-02
3.013355363609610205e+00,8.847306039395870514e-02
3.015690436844869815e+00,8.915895540768449534e-02
3.018024257205250027e+00,9.117338618918699455e-02
3.020356824782130190e+00,8.618408521740859862e-02
3.022688139668610052e+00,9.028251635814520115e-02
3.025018201959550179e+00,8.588073738074529506e-02
3.027347011751539974e+00,8.590934749177080165e-02
3.029674569142930096e+00,8.428687564342460248e-02
3.032000874233780063e+00,8.717525110178049597e-02
3.034325927125910205e+00,8.315163189263999333e-02
3.036649727922819952e+00,8.320239989637079336e-02
3.038972276729789979e+00,8.632353086633440253e-02
3.041293573653780058e+00,8.161629232129659350e-02
3.043613618803480136e+00,8.229538774990699523e-02
3.045932412289280133e+00,8.131450855286480317e-02
3.048249954223289926e+00,8.573581446307239340e-02
3.050566244719319808e+00,8.013350358265609874e-02
3.052881283892889819e+00,8.167710502048930454e-02
3.055195071861199985e+00,8.585372475759220356e-02
3.057507608743140093e+00,7.796501411758280375e-02
3.059818894659319888e+00,7.846869780172589792e-02
3.062128929732010008e+00,7.772964919274100160e-02
3.064437714085149977e+00,7.677114414475069704e-02
3.066745247844389954e+00,7.680913861004380616e-02
3.069051531137029887e+00,7.585651559576299385e-02
3.071356564092050156e+00,7.464556905172929635e-02
3.073660346840089819e+00,7.303569078617690169e-02
3.075962879513459924e+00,7.257001854696930321e-02
3.078264162246139968e+00,7.301544882551980198e-02
3.080564195173729924e+00,7.069162521655850129e-02
3.082862978433510204e+00,7.029328917115619524e-02
3.085160512164399904e+00,6.936478072020489660e-02
3.087456796506959922e+00,6.966375562393489762e-02
3.089751831603400056e+00,6.883009760698000079e-02
3.092045617597570129e+00,6.710260549921150119e-02
3.094338154634920013e+00,6.616184404603180080e-02
3.096629442862560033e+00,6.539303049403340229e-02
3.098919482429229877e+00,6.362085969983960476e-02
3.101208273485259959e+00,6.397840342223649890e-02
3.103495816182619826e+00,6.352299807042499635e-02
3.105782110674899954e+00,6.236710789082840212e-02
3.108067157117280210e+00,6.363937418620710385e-02
3.110350955666560058e+00,6.116472155702319669e-02
3.112633506481139900e+00,6.136858314634229677e-02
3.114914809721009981e+00,6.028132505854470052e-02
3.117194865547760152e+00,5.995775713079779662e-02
3.119473674124590090e+00,5.931244154735140078e-02
3.121751235616260001e+00,5.896986041482159963e-02
3.124027550189130142e+00,5.790315153541120141e-02
3.126302618011139955e+00,5.765637346538250024e-02
3.128576439251789854e+00,5.761029702735360331e-02
3.130849014082179860e+00,5.627790628290010172e-02
3.133120342674950098e+00,5.657682609682550268e-02
3.135390425204319875e+00,5.645761342853430204e-02
3.137659261846089898e+00,5.477510540083829760e-02
3.139926852777580102e+00,5.384505332432849845e-02
3.142193198177690050e+00,5.360646685096390196e-02
3.144458298226870063e+00,5.332246194910000153e-02
3.146722153107099906e+00,5.182546620232789808e-02
3.148984763001919873e+00,5.230116300726590089e-02
3.151246128096389931e+00,5.162705611894820301e-02
3.153506248577139903e+00,5.170281704527270039e-02
3.155765124632300189e+00,4.993006324581469868e-02
3.158022756451539959e+00,5.102642667663379733e-02
3.160279144226049830e+00,5.024858273128179897e-02
3.162534288148549866e+00,5.058767903112350306e-02
3.164788188413259817e+00,5.021102424768329742e-02
3.167040845215939981e+00,5.004731479497569885e-02
3.169292258753840130e+00,4.919114073456919839e-02
3.171542429225710169e+00,4.769750904239559997e-02
3.173791356831829891e+00,4.838568799355159877e-02
3.176039041773949911e+00,4.693661495490489971e-02
3.178285484255329862e+00,4.534429938897299728e-02
3.180530684480720183e+00,4.620230273584310238e-02
3.182774642656350128e+00,4.638765628481920228e-02
3.185017358989949976e+00,4.534182960048539768e-02
3.187258833690710169e+00,4.445862575988170085e-02
3.189499066969319951e+00,4.455872678986969732e-02
3.191738059037919850e+00,4.518062530543209832e-02
3.193975810110119884e+00,4.435308001125860128e-02
3.196212320401030205e+00,4.419159444428299999e-02
3.198447590127190043e+00,4.456849580261369737e-02
3.200681619506589914e+00,4.189471714114990225e-02
3.202914408758700038e+00,4.419327226849210227e-02
3.205145958104440140e+00,4.457561316329779894e-02
3.207376267766150146e+00,4.363178021417749713e-02
3.209605337967650129e+00,4.274274542638600155e-02
3.211833168934179916e+00,4.269229272175319861e-02
3.214059760892419959e+00,4.158352821066319677e-02
3.216285114070470019e+00,4.118890520397779781e-02
3.218509228697879809e+00,4.102131882765699955e-02
3.220732105005620127e+00,4.229924724429549865e-02
3.222953743226080192e+00,4.122473699962850291e-02
3.225174143593060094e+00,4.117190785792230329e-02
3.227393306341789891e+00,4.071792720320389913e-02
3.229611231708899854e+00,4.029093783904039855e-02
3.231827919932440007e+00,3.979239075998349667e-02
3.234043371251829946e+00,4.000054825773369932e-02
3.236257585907940104e+00,3.865614507929159699e-02
3.238470564143010044e+00,3.906224018455539682e-02
3.240682306200660001e+00,3.864156967723560154e-02
3.242892812325929963e+00,3.909495965752750324e-02
3.245102082765209950e+00,3.868595969943899870e-02
3.247310117766319948e+00,3.843901111463309678e-02
3.249516917578409991e+00,3.835281569087029691e-02
3.251722482452040097e+00,3.891253121827179667e-02
3.253926812639110100e+00,3.754126601021769843e-02
3.256129908392929817e+00,3.655624118440430059e-02
3.258331769968129787e+00,4.012221065371549683e-02
3.260532397620730105e+00,3.754434651954689783e-02
3.262731791608089793e+00,3.702073508958979992e-02
3.264929952188949880e+00,3.857876831215720226e-02
3.267126879623360125e+00,3.631128857610930322e-02
3.269322574172750073e+00,3.767496880910749940e-02
3.271517036099880205e+00,3.807738467184419717e-02
3.273710265668849928e+00,3.659703002231280006e-02
3.275902263145090032e+00,3.531999877162340234e-02
3.278093028795380004e+00,3.661007643376910231e-02
3.280282562887809839e+00,3.477059402908180136e-02
3.282470865691800022e+00,3.595916661344410181e-02
3.284657937478100198e+00,3.410952522620500083e-02
3.286843778518759862e+00,3.598245120844580092e-02
3.289028389087179871e+00,3.625046064121260209e-02
3.291211769458020076e+00,3.467858802505090210e-02
3.293393919907289913e+00,3.685456686319599912e-02
3.295574840712289788e+00,3.504044296327150226e-02
3.297754532151610185e+00,3.476292487514710122e-02
3.299932994505149875e+00,3.587592378202859866e-02
3.302110228054099927e+00,3.372294233573130268e-02
3.304286233080940161e+00,3.514492173104959843e-02
3.306461009869429812e+00,3.459927329954409769e-02
3.308634558704619977e+00,3.701880290091080078e-02
3.310806879872839836e+00,3.362620161203790092e-02
3.312977973661700215e+00,3.775554422330600068e-02
3.315147840360059828e+00,3.512199326289779794e-02
3.317316480258079903e+00,3.685129700543159775e-02
3.319483893647150019e+00,3.607203044820209842e-02
3.321650080819960049e+00,3.115293009608510050e-02
3.323815042070429993e+00,3.058573323540050154e-02
3.325978777693749944e+00,3.355782360156450012e-02
3.328141287986349894e+00,2.707769214746930109e-02
3.330302573245920161e+00,3.444795154855560121e-02
3.332462633771379856e+00,3.765241215772349714e-02
3.334621469862910192e+00,3.593001458029580070e-02
3.336779081821899862e+00,3.098312851489270006e-02
3.338935469951009871e+00,3.665902936888149749e-02
3.341090634554090055e+00,3.888078872457129825e-02
3.343244575936259899e+00,3.540928973130599844e-02
